0000
0000
0000
0000
0000
0000
0000
0000
0000
0000
0000
0000
0000
0000
0000
0000
0000
0000
0000
0000
0000
0000
0000
0000
0000
0000
0000
0000
0000
0000
0000
0000
0000
0000
0000
0000
0000
0000
0000
0000
0000
0000
0000
0000
0000
0000
0000
0000
0000
0000
0000
0000
0000
0000
0000
0000
0000
0000
0000
0000
0000
0000
0000
0000
0000
0000
0000
0000
0000
0000
0000
0000
0000
0000
0000
0000
0000
0000
0000
0000
0000
0000
0000
0000
0000
0000
0000
0000
0000
0000
0000
0000
0000
0000
0000
0000
0000
0000
0000
0000
0000
0000
0000
0000
0000
0000
0000
0000
0000
0000
0000
0000
0000
0000
0000
0000
0000
0000
0000
0000
0000
0000
0000
0000
0000
0000
0000
0000
0000
0000
0000
0000
0000
0000
0000
0000
0000
0000
0000
0000
0000
0000
0000
0000
0000
0000
0000
0000
0000
0000
0000
0000
0000
0000
0000
0000
0000
0000
0000
0000
0000
0000
0000
0000
0000
0000
0000
0000
0000
0000
0000
0000
0000
0000
0000
0000
0000
0000
0000
0000
0000
0000
0000
0000
0000
0000
0000
0000
0000
0000
0000
0000
0000
0000
0000
0000
0000
0000
0000
0000
0000
0000
0000
0000
0000
0000
0000
0000
0000
0000
0000
0000
0000
0000
0000
0000
0000
0000
0000
0000
0000
0000
0000
0000
0000
0000
0000
0000
0000
0000
0000
0000
0000
0000
0000
0000
0000
0000
0000
0000
0000
0000
0000
0000
0000
0000
0000
0000
0000
0000
0000
0000
0000
0000
0000
0000
0000
0000
0000
0000
0000
0000
0000
0000
0000
0000
0000
0000
0000
0000
0000
0000
0000
0000
0000
0000
0000
0000
0000
0000
0000
0000
0000
0000
0000
0000
0000
0000
0000
0000
0000
0000
0000
0000
0000
0000
0000
0000
0000
0000
0000
0000
0000
0000
0000
0000
0000
0000
0000
0000
0000
0000
0000
0000
0000
0000
0000
0000
0000
0000
0000
0000
0000
0000
0000
0000
0000
0000
0000
0000
0000
0000
0000
0000
0000
0000
0000
0000
0000
0000
0000
0000
0000
0000
0000
0000
0000
0000
0000
0000
0000
0000
0000
0000
0000
0000
0000
0000
0000
0000
0000
0000
0000
0000
0000
0000
0000
0000
0000
0000
0000
0000
0000
0000
0000
0000
0000
0000
0000
0000
0000
0000
0000
0000
0000
0000
0000
0000
0000
0000
0000
0000
0000
0000
0000
0000
0000
0000
0000
0000
0000
0000
0000
0000
0000
0000
0000
0000
0000
0000
0000
0000
0000
0000
0000
0000
0000
0000
0000
0000
0000
0000
0000
0000
0000
0000
0000
0000
0000
0000
0000
0000
0000
0000
0000
0000
0000
0000
0000
0000
0000
0000
0000
0000
0000
0000
0000
0000
0000
0000
0000
0000
0000
0000
0000
0000
0000
0000
0000
0000
0000
0000
0000
0000
0000
0000
0000
0000
0000
0000
0000
0000
0000
0000
0000
0000
0000
0000
0000
0000
0000
0000
0000
0000
0000
0000
0000
0000
0000
0000
0000
0000
0000
0000
0000
0000
0000
0000
0000
0000
0000
0000
0000
0000
0000
0000
0000
0000
0000
0000
0000
0000
0000
0000
0000
0000
0000
0000
0000
0000
0000
0000
0000
0000
0000
0000
0000
0000
0000
0000
0700
0F80
0F80
0F80
0F80
0F80
0700
0700
0000
0000
0700
0700
0700
0000  
0000
0E38
0E38
0E38
0E38
0630
0000
0000
0000
0000
0000
0000
0000
0000
0000
0000  
0000
0C30
0C30
0C30
7FFE
7FFE
0C30
0C30
0C30
0C30
7FFE
7FFE
0C30
0C30
0C30
0000  
0000
0240
0240
0FF8
1FF8
1A40
1A40
1FF0
0FF8
0258
0258
1FF8
1FF0
0240
0240
0000  
0000
0000
0000
0E10
0E30
0E70
00E0
01C0
0380
0700
0E70
0C70
0870
0000
0000
0000  
0000
0000
0F00
1980
1980
1980
0F00
0F08
0F98
19F8
18F0
18E0
19F0
0F98
0000
0000  
0000
0000
0700
0700
0700
0E00
0000
0000
0000
0000
0000
0000
0000
0000
0000
0000  
0000
0000
00F0
01C0
0380
0700
0E00
0E00
0E00
0E00
0700
0380
01C0
00F0
0000
0000  
0000
0000
0F00
0380
01C0
00E0
0070
0070
0070
0070
00E0
01C0
0380
0F00
0000
0000  
0000
0000
0180
1188
0990
07E0
07E0
3FFC
3FFC
07E0
07E0
0990
1188
0180
0000
0000  
0000
0000
0000
0000
0180
0180
0180
0FF0
0FF0
0180
0180
0180
0000
0000
0000
0000  
0000
0000
0000
0000
0000
0000
0000
0000
0000
0000
0000
0700
0700
0700
0E00
0000  
0000
0000
0000
0000
0000
0000
0000
1FF8
1FF8
0000
0000
0000
0000
0000
0000
0000  
0000
0000
0000
0000
0000
0000
0000
0000
0000
0000
0000
0700
0700
0700
0000
0000  
0000
0000
0002
0006
000E
001C
0038
0070
00E0
01C0
0380
0700
0E00
1C00
0000
0000  
0000
0000
0FF0
1C38
1C78
1CF8
1CF8
1DB8
1DB8
1F38
1F38
1E38
1C38
0FF0
0000
0000  
0000
0000
0180
0180
0380
1F80
1F80
0380
0380
0380
0380
0380
0380
1FF0
0000
0000  
0000
0000
0FE0
1C70
1C38
0038
0070
00E0
01C0
0380
0700
0E38
1C38
1FF8
0000
0000  
0000
0000
0FE0
1C70
1C38
0038
0070
03C0
03C0
0070
0038
1C38
1C70
0FE0
0000
0000  
0000
0000
00E0
01E0
03E0
06E0
0CE0
18E0
1FF8
1FF8
00E0
00E0
00E0
03F8
0000
0000  
0000
0000
1FF8
1C00
1C00
1C00
1C00
1FE0
1FF0
0078
0038
1C38
1C70
0FE0
0000
0000  
0000
0000
03E0
0700
0E00
1C00
1C00
1FF0
1FF8
1C38
1C38
1C38
1C38
0FF0
0000
0000  
0000
0000
1FFC
1C1C
1C1C
1C1C
001C
0038
0070
00E0
01C0
0380
0380
0380
0000
0000  
0000
0000
0FF0
1C38
1C38
1C38
1F38
07E0
07E0
1CF8
1C38
1C38
1C38
0FF0
0000
0000  
0000
0000
0FF0
1C38
1C38
1C38
1C38
1FF8
0FF8
0038
0038
0070
00E0
07C0
0000
0000  
0000
0000
0000
0000
0380
0380
0380
0000
0000
0380
0380
0380
0000
0000
0000
0000  
0000
0000
0000
0000
0380
0380
0380
0000
0000
0380
0380
0380
0700
0000
0000
0000  
0000
0070
00E0
01C0
0380
0700
0E00
1C00
1C00
0E00
0700
0380
01C0
00E0
0070
0000  
0000
0000
0000
0000
0000
3FFC
3FFC
0000
0000
3FFC
3FFC
0000
0000
0000
0000
0000  
0000
1C00
0E00
0700
0380
01C0
00E0
0070
0070
00E0
01C0
0380
0700
0E00
1C00
0000  
0000
03C0
0FF0
1E78
1838
0038
0070
00E0
01C0
01C0
0000
0000
01C0
01C0
01C0
0000  
0000
0FF8
1C1C
1C1C
1C1C
1C1C
1CFC
1CFC
1CFC
1CFC
1C00
1C00
1C00
1FF0
07F8
0000  
0000
0000
03C0
07E0
0E70
1C38
1C38
1C38
1C38
1FF8
1C38
1C38
1C38
1C38
0000
0000  
0000
0000
1FF0
0E38
0E38
0E38
0E38
0FF0
0FF0
0E38
0E38
0E38
0E38
1FF0
0000
0000  
0000
0000
07F0
0E38
1C38
1C00
1C00
1C00
1C00
1C00
1C00
1C38
0E38
07F0
0000
0000  
0000
0000
1FE0
0E70
0E38
0E38
0E38
0E38
0E38
0E38
0E38
0E38
0E70
1FE0
0000
0000  
0000
0000
1FF8
0E18
0E08
0E00
0E30
0FF0
0FF0
0E30
0E00
0E08
0E18
1FF8
0000
0000  
0000
0000
1FF8
0E18
0E08
0E00
0E30
0FF0
0FF0
0E30
0E00
0E00
0E00
1F00
0000
0000  
0000
0000
07F0
0E38
1C38
1C38
1C00
1C00
1C00
1CF8
1C38
1C38
0E38
07F8
0000
0000  
0000
0000
1C70
1C70
1C70
1C70
1C70
1FF0
1FF0
1C70
1C70
1C70
1C70
1C70
0000
0000  
0000
0000
0FE0
0380
0380
0380
0380
0380
0380
0380
0380
0380
0380
0FE0
0000
0000  
0000
0000
01FC
0070
0070
0070
0070
0070
0070
3870
3870
3870
3870
0FE0
0000
0000  
0000
0000
1E38
0E38
0E70
0EE0
0FC0
0F80
0F80
0FC0
0EE0
0E70
0E38
1E38
0000
0000  
0000
0000
1F00
0E00
0E00
0E00
0E00
0E00
0E00
0E00
0E08
0E18
0E38
1FF8
0000
0000  
0000
0000
1C1C
1E3C
1F7C
1FFC
1FFC
1DDC
1C9C
1C1C
1C1C
1C1C
1C1C
1C1C
0000
0000  
0000
0000
1C1C
1C1C
1E1C
1F1C
1F9C
1DDC
1CFC
1C7C
1C3C
1C1C
1C1C
1C1C
0000
0000  
0000
0000
03E0
07F0
0E38
1C1C
1C1C
1C1C
1C1C
1C1C
1C1C
0E38
07F0
03E0
0000
0000  
0000
0000
1FF0
0E38
0E38
0E38
0E38
0FF0
0FF0
0E00
0E00
0E00
0E00
1F00
0000
0000  
0000
0000
03E0
0F78
0E38
1C1C
1C1C
1C1C
1C1C
1C7C
1CFC
0FF8
0FF8
0038
00FC
0000  
0000
0000
1FF0
0E38
0E38
0E38
0E38
0FF0
0FF0
0E70
0E38
0E38
0E38
1E38
0000
0000  
0000
0000
0FF0
1C38
1C38
1C38
1C00
0FE0
07F0
0038
1C38
1C38
1C38
0FF0
0000
0000  
0000
0000
1FFC
19CC
11C4
01C0
01C0
01C0
01C0
01C0
01C0
01C0
01C0
07F0
0000
0000  
0000
0000
1C70
1C70
1C70
1C70
1C70
1C70
1C70
1C70
1C70
1C70
1C70
0FE0
0000
0000  
0000
0000
1C70
1C70
1C70
1C70
1C70
1C70
1C70
1C70
1C70
0EE0
07C0
0380
0000
0000  
0000
0000
1C1C
1C1C
1C1C
1C1C
1C1C
1C9C
1C9C
1C9C
0FF8
0FF8
0770
0770
0000
0000  
0000
0000
1C70
1C70
1C70
0EE0
07C0
0380
0380
07C0
0EE0
1C70
1C70
1C70
0000
0000  
0000
0000
1C70
1C70
1C70
1C70
1C70
0EE0
07C0
0380
0380
0380
0380
0FE0
0000
0000  
0000
0000
1FF8
1C38
1838
1070
00E0
01C0
0380
0700
0E08
1C18
1C38
1FF8
0000
0000  
0000
0000
07F0
0700
0700
0700
0700
0700
0700
0700
0700
0700
0700
07F0
0000
0000  
0000
0000
1000
1800
1C00
0E00
0700
0380
01C0
00E0
0070
0038
001C
0007
0000
0000 
0000
0000
07F0
0070
0070
0070
0070
0070
0070
0070
0070
0070
0070
07F0
0000
0000  
0000
0180
03C0
07E0
0E70
1C38
0000
0000
0000
0000
0000
0000
0000
0000
0000
0000  
0000
0000
0000
0000
0000
0000
0000
0000
0000
0000
0000
0000
0000
0000
7FFF
7FFF  
0000
0000
1C00
1C00
0700
0700
0000
0000
0000
0000
0000
0000
0000
0000
0000
0000  
0000
0000
0000
0000
0000
0000
0FE0
0070
0070
0FF0
1C70
1C70
1C70
0FD8
0000
0000  
0000
0000
1E00
0E00
0E00
0E00
0FF0
0E38
0E38
0E38
0E38
0E38
0E38
1BF0
0000
0000  
0000
0000
0000
0000
0000
0000
0FE0
1C70
1C70
1C00
1C00
1C70
1C70
0FE0
0000
0000  
0000
0000
00F8
0070
0070
0070
0FF0
1C70
1C70
1C70
1C70
1C70
1C70
0FD8
0000
0000  
0000
0000
0000
0000
0000
0000
0FE0
1C70
1C70
1FF0
1C00
1C70
1C70
0FE0
0000
0000  
0000
0000
03E0
0770
0770
0700
0700
1FE0
1FE0
0700
0700
0700
0700
1FC0
0000
0000  
0000
0000
0000
0000
0000
0000
0FD8
1C70
1C70
1C70
1C70
0FF0
07F0
0070
1C70
0FE0  
0000
0000
1E00
0E00
0E00
0E00
0EF0
0F38
0F38
0E38
0E38
0E38
0E38
1E38
0000
0000  
0000
0000
01C0
01C0
01C0
0000
0FC0
01C0
01C0
01C0
01C0
01C0
01C0
0FF8
0000
0000  
0000
0000
0070
0070
0070
0000
03F0
0070
0070
0070
0070
0070
0070
1C70
0CF0
07E0  
0000
0000
1E00
0E00
0E00
0E00
0E38
0E70
0EE0
0FC0
0EE0
0E70
0E38
1E38
0000
0000  
0000
0000
0FC0
01C0
01C0
01C0
01C0
01C0
01C0
01C0
01C0
01C0
01C0
0FF8
0000
0000  
0000
0000
0000
0000
0000
0000
1FF8
1C9C
1C9C
1C9C
1C9C
1C9C
1C9C
1C9C
0000
0000  
0000
0000
0000
0000
0000
0000
1FE0
1C70
1C70
1C70
1C70
1C70
1C70
1C70
0000
0000  
0000
0000
0000
0000
0000
0000
0FE0
1C70
1C70
1C70
1C70
1C70
1C70
0FE0
0000
0000  
0000
0000
0000
0000
0000
0000
1BF0
0E38
0E38
0E38
0E38
0E38
0FF0
0E00
0E00
1F00  
0000
0000
0000
0000
0000
0000
1FB0
38E0
38E0
38E0
38E0
38E0
1FE0
00E0
00E0
01F0  
0000
0000
0000
0000
0000
0000
1EF0
0FF8
0F38
0E00
0E00
0E00
0E00
1F00
0000
0000  
0000
0000
0000
0000
0000
0000
0FE0
1C30
1C30
0F80
03E0
1870
1870
0FE0
0000
0000  
0000
0000
0000
0100
0300
0700
1FF0
0700
0700
0700
0700
0770
0770
03E0
0000
0000  
0000
0000
0000
0000
0000
0000
1C70
1C70
1C70
1C70
1C70
1C70
1C70
0FD8
0000
0000  
0000
0000
0000
0000
0000
0000
1C70
1C70
1C70
1C70
1C70
0EE0
07C0
0380
0000
0000  
0000
0000
0000
0000
0000
0000
1C1C
1C1C
1C1C
1C9C
1C9C
0FF8
0770
0770
0000
0000  
0000
0000
0000
0000
0000
0000
1CE0
1CE0
0FC0
0780
0780
0FC0
1CE0
1CE0
0000
0000  
0000
0000
0000
0000
0000
0000
0E38
0E38
0E38
0E38
0E38
07F0
03E0
00E0
01C0
1F80  
0000
0000
0000
0000
0000
0000
1FE0
18E0
11C0
0380
0700
0E20
1C60
1FE0
0000
0000  
0000
0000
01F8
0380
0380
0380
0700
1C00
1C00
0700
0380
0380
0380
01F8
0000
0000  
0000
01C0
01C0
01C0
01C0
01C0
01C0
01C0
01C0
01C0
01C0
01C0
01C0
01C0
01C0
0000  
0000
0000
1F80
01C0
01C0
01C0
00E0
0038
0038
00E0
01C0
01C0
01C0
1F80
0000
0000  
0000
0000
1F1C
3B9C
39DC
38F8
0000
0000
0000
0000
0000
0000
0000
0000
0000
0000  
FFFF
FFFF
FFFF
FFFF
FFFF
FFFF
FFFF
FFFF
FFFF
FFFF
FFFF
FFFF
FFFF
FFFF
FFFF
FFFF
0004
2f7e
f904
a904
aa14
aa7c
ac54
aa54
aa54
a954
e974
ad54
0a04
0804
0814
080c
0004
7ffe
4408
4808
4828
51f8
4928
4928
4528
4528
4528
69e8
5128
4008
4028
4010
1040
1040
1090
1108
13fc
fc04
1110
11f8
1240
1044
17fe
1c40
f0a0
4090
010e
0604
1040
1040
1090
1108
fffc
1004
1110
15f8
1a40
3044
d7fe
1040
10a0
1090
510e
2604
0090
0090
0894
7ffe
4890
4890
4908
4908
4890
4890
4860
7840
48a0
0110
020e
0404
0040
0040
0890
7d08
4bfc
4804
4910
49f8
4a40
4844
4ffe
7840
48a0
0090
010e
0604
0200
0104
fffe
0010
1ff8
1010
1010
1010
1ff0
0508
0c90
1460
2430
c50e
0604
0400
1020
1020
2524
7f24
45fc
4400
45fc
7c04
4404
45fc
4504
4500
7d02
4502
00fe
0000
0080
0044
1ffe
1000
93f8
5208
53f8
1000
37bc
54a4
d7bc
1040
2444
2444
47fc
0404
0824
fffe
0820
43f8
3208
13f8
0208
f3f8
1104
13fe
1444
1244
16a4
1a04
13d4
0008
2018
21e0
2840
3c48
53fc
90e0
155c
fe48
1040
17fe
1090
2910
24a0
4460
8198
0608
0440
0444
fffe
0440
0440
0020
0820
0440
0440
0280
0100
0280
0440
0830
300e
c004
0008
05fc
ff08
11f8
1108
21f8
2408
7ffc
a410
27fe
2510
2490
3c90
2410
0050
0020
0078
3f80
1110
0920
7ffe
4202
8204
7ff8
0400
07f0
0a20
0940
1080
1160
221c
0c08
0404
7a08
4910
4804
57fe
60a0
5110
4a08
4c08
4bfc
6aa8
52a8
42a8
42a8
4ffe
4000
2840
2820
fe00
29fe
3902
1244
7c40
57fe
5488
7c88
1108
fe90
1060
1050
108c
1304
1004
1ffe
2000
5ff8
8000
3ff8
0208
3fe8
2228
0408
fff8
0888
1908
060a
098a
3044