0000
0000
0000
0000
0000
0000
0000
0000
0000
0000
0000
0000
0000
0000
0000
0000
0000
0000
0000
0000
0000
0000
0000
0000
0000
0000
0000
0000
0000
0000
0000
0000
0000
0000
0000
0000
0000
0000
0000
0000
0000
0000
0000
0000
0000
0000
0000
0000
0000
0000
0000
0000
0000
0000
0000
0000
0000
0000
0000
0000
0000
0000
0000
0000
0000
0000
0000
0000
0000
0000
0000
0000
0000
0000
0000
0000
0000
0000
0000
0000
0000
0000
0000
0000
0000
0000
0000
0000
0000
0000
0000
0000
0000
0000
0000
0000
0000
0000
0000
0000
0000
0000
0000
0000
0000
0000
0000
0000
0000
0000
0000
0000
0000
0000
0000
0000
0000
0000
0000
0000
0000
0000
0000
0000
0000
0000
0000
0000
0000
0000
0000
0000
0000
0000
0000
0000
0000
0000
0000
0000
0000
0000
0000
0000
0000
0000
0000
0000
0000
0000
0000
0000
0000
0000
0000
0000
0000
0000
0000
0000
0000
0000
0000
0000
0000
0000
0000
0000
0000
0000
0000
0000
0000
0000
0000
0000
0000
0000
0000
0000
0000
0000
0000
0000
0000
0000
0000
0000
0000
0000
0000
0000
0000
0000
0000
0000
0000
0000
0000
0000
0000
0000
0000
0000
0000
0000
0000
0000
0000
0000
0000
0000
0000
0000
0000
0000
0000
0000
0000
0000
0000
0000
0000
0000
0000
0000
0000
0000
0000
0000
0000
0000
0000
0000
0000
0000
0000
0000
0000
0000
0000
0000
0000
0000
0000
0000
0000
0000
0000
0000
0000
0000
0000
0000
0000
0000
0000
0000
0000
0000
0000
0000
0000
0000
0000
0000
0000
0000
0000
0000
0000
0000
0000
0000
0000
0000
0000
0000
0000
0000
0000
0000
0000
0000
0000
0000
0000
0000
0000
0000
0000
0000
0000
0000
0000
0000
0000
0000
0000
0000
0000
0000
0000
0000
0000
0000
0000
0000
0000
0000
0000
0000
0000
0000
0000
0000
0000
0000
0000
0000
0000
0000
0000
0000
0000
0000
0000
0000
0000
0000
0000
0000
0000
0000
0000
0000
0000
0000
0000
0000
0000
0000
0000
0000
0000
0000
0000
0000
0000
0000
0000
0000
0000
0000
0000
0000
0000
0000
0000
0000
0000
0000
0000
0000
0000
0000
0000
0000
0000
0000
0000
0000
0000
0000
0000
0000
0000
0000
0000
0000
0000
0000
0000
0000
0000
0000
0000
0000
0000
0000
0000
0000
0000
0000
0000
0000
0000
0000
0000
0000
0000
0000
0000
0000
0000
0000
0000
0000
0000
0000
0000
0000
0000
0000
0000
0000
0000
0000
0000
0000
0000
0000
0000
0000
0000
0000
0000
0000
0000
0000
0000
0000
0000
0000
0000
0000
0000
0000
0000
0000
0000
0000
0000
0000
0000
0000
0000
0000
0000
0000
0000
0000
0000
0000
0000
0000
0000
0000
0000
0000
0000
0000
0000
0000
0000
0000
0000
0000
0000
0000
0000
0000
0000
0000
0000
0000
0000
0000
0000
0000
0000
0000
0000
0000
0000
0000
0000
0000
0000
0000
0000
0000
0000
0000
0000
0000
0000
0000
0000
0000
0000
0000
0000
0000
0000
0000
0000
0000
0000
0000
0000
0000
0000
0000
0000
0000
0000
0000
0000
0000
0000
0000
0000
0000
0000
0000
0000
0000
0000
0000
0700
0F80
0F80
0F80
0F80
0F80
0700
0700
0000
0000
0700
0700
0700
0000  
0000
0E38
0E38
0E38
0E38
0630
0000
0000
0000
0000
0000
0000
0000
0000
0000
0000  
0000
0C30
0C30
0C30
7FFE
7FFE
0C30
0C30
0C30
0C30
7FFE
7FFE
0C30
0C30
0C30
0000  
0000
0240
0240
0FF8
1FF8
1A40
1A40
1FF0
0FF8
0258
0258
1FF8
1FF0
0240
0240
0000  
0000
0000
0000
0E10
0E30
0E70
00E0
01C0
0380
0700
0E70
0C70
0870
0000
0000
0000  
0000
0000
0F00
1980
1980
1980
0F00
0F08
0F98
19F8
18F0
18E0
19F0
0F98
0000
0000  
0000
0000
0700
0700
0700
0E00
0000
0000
0000
0000
0000
0000
0000
0000
0000
0000  
0000
0000
00F0
01C0
0380
0700
0E00
0E00
0E00
0E00
0700
0380
01C0
00F0
0000
0000  
0000
0000
0F00
0380
01C0
00E0
0070
0070
0070
0070
00E0
01C0
0380
0F00
0000
0000  
0000
0000
0180
1188
0990
07E0
07E0
3FFC
3FFC
07E0
07E0
0990
1188
0180
0000
0000  
0000
0000
0000
0000
0180
0180
0180
0FF0
0FF0
0180
0180
0180
0000
0000
0000
0000  
0000
0000
0000
0000
0000
0000
0000
0000
0000
0000
0000
0700
0700
0700
0E00
0000  
0000
0000
0000
0000
0000
0000
0000
1FF8
1FF8
0000
0000
0000
0000
0000
0000
0000  
0000
0000
0000
0000
0000
0000
0000
0000
0000
0000
0000
0700
0700
0700
0000
0000  
0000
0000
0002
0006
000E
001C
0038
0070
00E0
01C0
0380
0700
0E00
1C00
0000
0000  
0000
0000
0FF0
1C38
1C78
1CF8
1CF8
1DB8
1DB8
1F38
1F38
1E38
1C38
0FF0
0000
0000  
0000
0000
0180
0180
0380
1F80
1F80
0380
0380
0380
0380
0380
0380
1FF0
0000
0000  
0000
0000
0FE0
1C70
1C38
0038
0070
00E0
01C0
0380
0700
0E38
1C38
1FF8
0000
0000  
0000
0000
0FE0
1C70
1C38
0038
0070
03C0
03C0
0070
0038
1C38
1C70
0FE0
0000
0000  
0000
0000
00E0
01E0
03E0
06E0
0CE0
18E0
1FF8
1FF8
00E0
00E0
00E0
03F8
0000
0000  
0000
0000
1FF8
1C00
1C00
1C00
1C00
1FE0
1FF0
0078
0038
1C38
1C70
0FE0
0000
0000  
0000
0000
03E0
0700
0E00
1C00
1C00
1FF0
1FF8
1C38
1C38
1C38
1C38
0FF0
0000
0000  
0000
0000
1FFC
1C1C
1C1C
1C1C
001C
0038
0070
00E0
01C0
0380
0380
0380
0000
0000  
0000
0000
0FF0
1C38
1C38
1C38
1F38
07E0
07E0
1CF8
1C38
1C38
1C38
0FF0
0000
0000  
0000
0000
0FF0
1C38
1C38
1C38
1C38
1FF8
0FF8
0038
0038
0070
00E0
07C0
0000
0000  
0000
0000
0000
0000
0380
0380
0380
0000
0000
0380
0380
0380
0000
0000
0000
0000  
0000
0000
0000
0000
0380
0380
0380
0000
0000
0380
0380
0380
0700
0000
0000
0000  
0000
0070
00E0
01C0
0380
0700
0E00
1C00
1C00
0E00
0700
0380
01C0
00E0
0070
0000  
0000
0000
0000
0000
0000
3FFC
3FFC
0000
0000
3FFC
3FFC
0000
0000
0000
0000
0000  
0000
1C00
0E00
0700
0380
01C0
00E0
0070
0070
00E0
01C0
0380
0700
0E00
1C00
0000  
0000
03C0
0FF0
1E78
1838
0038
0070
00E0
01C0
01C0
0000
0000
01C0
01C0
01C0
0000  
0000
0FF8
1C1C
1C1C
1C1C
1C1C
1CFC
1CFC
1CFC
1CFC
1C00
1C00
1C00
1FF0
07F8
0000  
0000
0000
03C0
07E0
0E70
1C38
1C38
1C38
1C38
1FF8
1C38
1C38
1C38
1C38
0000
0000  
0000
0000
1FF0
0E38
0E38
0E38
0E38
0FF0
0FF0
0E38
0E38
0E38
0E38
1FF0
0000
0000  
0000
0000
07F0
0E38
1C38
1C00
1C00
1C00
1C00
1C00
1C00
1C38
0E38
07F0
0000
0000  
0000
0000
1FE0
0E70
0E38
0E38
0E38
0E38
0E38
0E38
0E38
0E38
0E70
1FE0
0000
0000  
0000
0000
1FF8
0E18
0E08
0E00
0E30
0FF0
0FF0
0E30
0E00
0E08
0E18
1FF8
0000
0000  
0000
0000
1FF8
0E18
0E08
0E00
0E30
0FF0
0FF0
0E30
0E00
0E00
0E00
1F00
0000
0000  
0000
0000
07F0
0E38
1C38
1C38
1C00
1C00
1C00
1CF8
1C38
1C38
0E38
07F8
0000
0000  
0000
0000
1C70
1C70
1C70
1C70
1C70
1FF0
1FF0
1C70
1C70
1C70
1C70
1C70
0000
0000  
0000
0000
0FE0
0380
0380
0380
0380
0380
0380
0380
0380
0380
0380
0FE0
0000
0000  
0000
0000
01FC
0070
0070
0070
0070
0070
0070
3870
3870
3870
3870
0FE0
0000
0000  
0000
0000
1E38
0E38
0E70
0EE0
0FC0
0F80
0F80
0FC0
0EE0
0E70
0E38
1E38
0000
0000  
0000
0000
1F00
0E00
0E00
0E00
0E00
0E00
0E00
0E00
0E08
0E18
0E38
1FF8
0000
0000  
0000
0000
1C1C
1E3C
1F7C
1FFC
1FFC
1DDC
1C9C
1C1C
1C1C
1C1C
1C1C
1C1C
0000
0000  
0000
0000
1C1C
1C1C
1E1C
1F1C
1F9C
1DDC
1CFC
1C7C
1C3C
1C1C
1C1C
1C1C
0000
0000  
0000
0000
03E0
07F0
0E38
1C1C
1C1C
1C1C
1C1C
1C1C
1C1C
0E38
07F0
03E0
0000
0000  
0000
0000
1FF0
0E38
0E38
0E38
0E38
0FF0
0FF0
0E00
0E00
0E00
0E00
1F00
0000
0000  
0000
0000
03E0
0F78
0E38
1C1C
1C1C
1C1C
1C1C
1C7C
1CFC
0FF8
0FF8
0038
00FC
0000  
0000
0000
1FF0
0E38
0E38
0E38
0E38
0FF0
0FF0
0E70
0E38
0E38
0E38
1E38
0000
0000  
0000
0000
0FF0
1C38
1C38
1C38
1C00
0FE0
07F0
0038
1C38
1C38
1C38
0FF0
0000
0000  
0000
0000
1FFC
19CC
11C4
01C0
01C0
01C0
01C0
01C0
01C0
01C0
01C0
07F0
0000
0000  
0000
0000
1C70
1C70
1C70
1C70
1C70
1C70
1C70
1C70
1C70
1C70
1C70
0FE0
0000
0000  
0000
0000
1C70
1C70
1C70
1C70
1C70
1C70
1C70
1C70
1C70
0EE0
07C0
0380
0000
0000  
0000
0000
1C1C
1C1C
1C1C
1C1C
1C1C
1C9C
1C9C
1C9C
0FF8
0FF8
0770
0770
0000
0000  
0000
0000
1C70
1C70
1C70
0EE0
07C0
0380
0380
07C0
0EE0
1C70
1C70
1C70
0000
0000  
0000
0000
1C70
1C70
1C70
1C70
1C70
0EE0
07C0
0380
0380
0380
0380
0FE0
0000
0000  
0000
0000
1FF8
1C38
1838
1070
00E0
01C0
0380
0700
0E08
1C18
1C38
1FF8
0000
0000  
0000
0000
07F0
0700
0700
0700
0700
0700
0700
0700
0700
0700
0700
07F0
0000
0000  
0000
0000
1000
1800
1C00
0E00
0700
0380
01C0
00E0
0070
0038
001C
0007
0000
0000 
0000
0000
07F0
0070
0070
0070
0070
0070
0070
0070
0070
0070
0070
07F0
0000
0000  
0000
0180
03C0
07E0
0E70
1C38
0000
0000
0000
0000
0000
0000
0000
0000
0000
0000  
0000
0000
0000
0000
0000
0000
0000
0000
0000
0000
0000
0000
0000
0000
7FFF
7FFF  
0000
0000
1C00
1C00
0700
0700
0000
0000
0000
0000
0000
0000
0000
0000
0000
0000  
0000
0000
0000
0000
0000
0000
0FE0
0070
0070
0FF0
1C70
1C70
1C70
0FD8
0000
0000  
0000
0000
1E00
0E00
0E00
0E00
0FF0
0E38
0E38
0E38
0E38
0E38
0E38
1BF0
0000
0000  
0000
0000
0000
0000
0000
0000
0FE0
1C70
1C70
1C00
1C00
1C70
1C70
0FE0
0000
0000  
0000
0000
00F8
0070
0070
0070
0FF0
1C70
1C70
1C70
1C70
1C70
1C70
0FD8
0000
0000  
0000
0000
0000
0000
0000
0000
0FE0
1C70
1C70
1FF0
1C00
1C70
1C70
0FE0
0000
0000  
0000
0000
03E0
0770
0770
0700
0700
1FE0
1FE0
0700
0700
0700
0700
1FC0
0000
0000  
0000
0000
0000
0000
0000
0000
0FD8
1C70
1C70
1C70
1C70
0FF0
07F0
0070
1C70
0FE0  
0000
0000
1E00
0E00
0E00
0E00
0EF0
0F38
0F38
0E38
0E38
0E38
0E38
1E38
0000
0000  
0000
0000
01C0
01C0
01C0
0000
0FC0
01C0
01C0
01C0
01C0
01C0
01C0
0FF8
0000
0000  
0000
0000
0070
0070
0070
0000
03F0
0070
0070
0070
0070
0070
0070
1C70
0CF0
07E0  
0000
0000
1E00
0E00
0E00
0E00
0E38
0E70
0EE0
0FC0
0EE0
0E70
0E38
1E38
0000
0000  
0000
0000
0FC0
01C0
01C0
01C0
01C0
01C0
01C0
01C0
01C0
01C0
01C0
0FF8
0000
0000  
0000
0000
0000
0000
0000
0000
1FF8
1C9C
1C9C
1C9C
1C9C
1C9C
1C9C
1C9C
0000
0000  
0000
0000
0000
0000
0000
0000
1FE0
1C70
1C70
1C70
1C70
1C70
1C70
1C70
0000
0000  
0000
0000
0000
0000
0000
0000
0FE0
1C70
1C70
1C70
1C70
1C70
1C70
0FE0
0000
0000  
0000
0000
0000
0000
0000
0000
1BF0
0E38
0E38
0E38
0E38
0E38
0FF0
0E00
0E00
1F00  
0000
0000
0000
0000
0000
0000
1FB0
38E0
38E0
38E0
38E0
38E0
1FE0
00E0
00E0
01F0  
0000
0000
0000
0000
0000
0000
1EF0
0FF8
0F38
0E00
0E00
0E00
0E00
1F00
0000
0000  
0000
0000
0000
0000
0000
0000
0FE0
1C30
1C30
0F80
03E0
1870
1870
0FE0
0000
0000  
0000
0000
0000
0100
0300
0700
1FF0
0700
0700
0700
0700
0770
0770
03E0
0000
0000  
0000
0000
0000
0000
0000
0000
1C70
1C70
1C70
1C70
1C70
1C70
1C70
0FD8
0000
0000  
0000
0000
0000
0000
0000
0000
1C70
1C70
1C70
1C70
1C70
0EE0
07C0
0380
0000
0000  
0000
0000
0000
0000
0000
0000
1C1C
1C1C
1C1C
1C9C
1C9C
0FF8
0770
0770
0000
0000  
0000
0000
0000
0000
0000
0000
1CE0
1CE0
0FC0
0780
0780
0FC0
1CE0
1CE0
0000
0000  
0000
0000
0000
0000
0000
0000
0E38
0E38
0E38
0E38
0E38
07F0
03E0
00E0
01C0
1F80  
0000
0000
0000
0000
0000
0000
1FE0
18E0
11C0
0380
0700
0E20
1C60
1FE0
0000
0000  
0000
0000
01F8
0380
0380
0380
0700
1C00
1C00
0700
0380
0380
0380
01F8
0000
0000  
0000
01C0
01C0
01C0
01C0
01C0
01C0
01C0
01C0
01C0
01C0
01C0
01C0
01C0
01C0
0000  
0000
0000
1F80
01C0
01C0
01C0
00E0
0038
0038
00E0
01C0
01C0
01C0
1F80
0000
0000  
0000
0000
1F1C
3B9C
39DC
38F8
0000
0000
0000
0000
0000
0000
0000
0000
0000
0000  
FFFF
FFFF
FFFF
FFFF
FFFF
FFFF
FFFF
FFFF
FFFF
FFFF
FFFF
FFFF
FFFF
FFFF
FFFF
FFFF
1040
1248
1150
1044
fffe
1150
3a4c
3444
5080
5ffe
9108
1208
11b0
1040
11b0
1608
0100
0088
3ffc
2080
2080
2088
3ffc
2080
2080
2140
2140
2220
2220
4410
880e
3004
0200
420c
3270
1240
8fc0
6244
227e
0ac8
1348
2e48
e248
2248
2248
2288
2b08
2408
4000
3008
17fc
0040
8040
6040
2040
0840
1040
2040
e040
2040
2044
2ffe
2000
2000
0640
f884
11fe
1124
ff24
39fc
5524
9144
11fc
fe40
2460
44a0
28a8
1122
2a22
441e
0110
1110
1110
1110
1114
fffe
1110
1110
1110
1110
11f0
1110
1000
1008
1ffc
0000
0108
7ffc
0100
3ff8
0000
1ff0
1010
1ff0
0444
fffe
1008
7efc
1288
1288
2af8
4488
0040
7840
4844
57fe
5080
60a0
5120
4a28
4bfc
4820
6928
5124
4226
4422
40a0
4040
0840
0840
0890
1108
17fc
3110
520c
9504
11f0
1210
1310
14a0
1840
10b0
110e
1604
2004
1804
0924
ffa4
0224
4224
2224
1424
1424
0824
0824
1424
2204
4304
8114
0008
4004
3f7e
3110
9f24
517e
5f44
0454
3f54
2054
5f54
d154
5f54
4420
5528
6446
4c82
0020
7e20
0220
0420
0820
0ab0
0ca8
3924
c926
0a22
0c20
0820
0820
0820
28a0
1040
0000
4004
37fe
1400
0400
8400
6400
2400
0c00
1400
e400
2400
2400
2404
27fe
2000
1080
1048
23fc
2208
4a08
fbf8
1200
2204
43fe
f694
4a94
03fc
1a94
e294
4294
020c
1000
1000
1008
1ffc
1000
1000
1008
1ffc
0008
0008
0048
ffe8
0008
0008
0050
0020
1080
1048
17fc
1000
fd10
10a0
17fc
1880
3084
dffe
1090
1110
10a0
1060
5098
2308
0000
0008
3ffc
2008
2008
2008
2008
2008
2008
2008
2008
2008
3ff8
2008
0000
0000
1100
1108
111c
11e0
fd02
1102
14fe
1804
31fe
d104
1104
11fc
1104
1104
51fc
2104
0010
3ff8
2010
2010
3ff0
2014
2004
1ffc
0020
0024
fffe
0020
0820
0420
00a0
0040
0200
0200
0288
3fd8
0220
0244
fffe
0100
0200
0410
0c30
14c0
2700
4404
8404
03fc
0804
0bfe
4820
4824
49fe
4924
4924
4924
4924
4924
4924
4924
1134
1128
2020
4020
1040
1040
2244
7f7e
4284
4304
4204
4284
7e64
4224
4204
4204
4204
7e04
4228
0010
0000
0000
0000
0000
0000
0000
0004
fffe
0000
0000
0000
0000
0000
0000
0000
0000
0fe0
0820
0820
0fe0
0820
0820
0fe0
0004
fffe
0100
0920
09f0
0900
1500
2306
40fc
0000
7ff8
0010
0020
0040
0180
0100
0100
0100
0100
0100
0100
0100
0100
0500
0200
0480
0ea0
7890
0890
0884
fffe
0880
0890
0a90
0c60
1840
68a0
0920
0a14
2814
100c
0004
fffe
0080
0080
0100
0100
0340
0520
0918
110c
2104
4100
0100
0100
0100
0100
0100
0100
0100
0100
0100
0100
0100
0280
0280
0280
0440
0440
0820
1010
200e
4004
0200
0200
0204
fffe
0400
0440
0840
0850
13f8
3040
5040
9040
1040
1044
17fe
1000
0840
0840
0840
1040
1248
327c
53c8
9e48
1248
1268
1250
1240
1242
1202
11fe
1000
0200
0204
fffe
0400
0410
0ff8
0810
1810
2ff0
4810
8810
0ff0
0810
0810
0850
0820
0080
4040
3048
17fc
0010
0210
f120
10a0
1040
1040
10a0
1110
1210
2806
47fc
0000
0100
0100
0280
0440
0820
1110
210e
c104
0100
0100
0100
0100
0100
0100
0100
0100
0100
0100
0100
0100
0110
01f8
0100
0100
0100
0100
0100
0100
0100
0104
fffe
0000
1000
1204
117e
2484
2404
6404
a404
2404
2404
2404
2404
2404
2404
2404
2414
2408
0100
0100
0108
7ffc
0100
2110
1930
0944
fffe
0380
0540
0930
311e
c104
0100
0100
0104
7f84
0804
1024
2224
4124
7fa4
08a4
0a24
7f24
0824
0824
0804
0f84
f814
0008
0008
0408
7e08
4408
47fe
4408
4408
7c88
4448
4448
4408
4408
7c08
4448
0028
0010
0100
0100
0100
0100
0104
fffe
0100
0280
0280
0240
0440
0420
0810
100e
6004
0000
0040
2040
2240
2240
2248
227c
fbc8
2648
2248
2248
2268
2250
3a42
e202
41fe
0000
0080
1080
0c80
0480
0084
fffe
0104
0104
0204
0284
0464
0824
1004
2004
4028
0010
0000
3ff0
0010
0020
0040
0180
0104
fffe
0100
0100
0100
0100
0100
0100
0500
0200
0100
0100
0104
7ffe
4104
4104
4104
4104
7ffc
4104
0100
0100
0100
0100
0100
0100
1100
1100
1100
23fc
2204
6408
a840
2040
2150
2148
224c
2444
2040
2040
2140
2080
0000
2208
1110
10a0
03f8
0208
f208
1208
13f8
12a8
10a0
10a0
1522
1922
121e
0400
0100
1100
1100
1108
3ffc
2100
4100
4100
8110
3ff8
0100
0100
0100
0104
fffe
0000
0004
7ffe
4024
5ff4
4104
4104
4144
4fe4
4104
4144
4124
4104
5ff4
4004
7ffc
4004
0800
0808
1ffc
1100
2100
4110
1ff8
1100
1100
1104
fffe
0100
0100
0100
0100
0100
0820
0448
7ffc
0100
3ff8
0200
fffe
0410
0ff8
1810
2ff0
c810
0ff0
0810
0ff0
0810
1040
0850
0248
ff40
0044
3ffe
2240
2250
2250
3e50
0850
2a50
4952
8892
290e
1200
0004
7f7e
0944
0944
7f48
0948
0950
0948
7f44
0942
0942
1162
1154
2548
4240
0040
0200
0700
7800
0804
0afe
ff84
0884
1884
1c84
2a84
2a84
4884
88fc
0884
0800
0800
0008
7ffc
0440
3ff8
2448
2448
3ff8
0200
0204
fffe
0420
0820
0640
0180
0660
3810
1020
1020
1020
1020
fd24
253e
25e4
2724
2524
4534
2928
1120
2922
4502
84fe
0000
0100
0100
2108
2108
2108
2108
3ff8
2108
0100
4104
4104
4104
4104
4104
7ffc
4004
0100
0100
0100
1100
1130
11d0
1f10
f110
1110
1150
1120
1102
1002
1002
0ffe
0000
0808
0bfc
1208
13f8
2208
4bf8
8800
17fc
3010
5014
9ffe
1210
1110
1110
1050
1020
0008
3ffc
2108
2108
3ff8
2108
2108
2108
3ff8
0100
0108
7ffc
0100
0104
fffe
0000
0010
0078
3f80
2000
2004
3ffe
2000
2008
27fc
2408
2408
2408
4408
4408
87f8
0408
0100
0200
0410
1ff8
1010
1010
1ff0
1010
1010
1010
1ff0
1010
1010
1010
1ff0
1010
0000
0408
4208
4308
4108
4008
4008
4008
4110
4210
4410
4820
5030
6048
0184
0604
0100
0100
0280
0440
0820
1010
2fee
c004
0010
3ff8
0200
0200
0440
0820
1ff0
0010
0200
0100
7ffe
4002
8004
3ff8
0400
1a10
6330
0540
1980
6340
0530
190e
6504
0200
0004
fffe
0010
0090
1fd0
1090
1090
1090
1090
1090
1f90
1090
0010
0010
0050
0020
0004
fffe
0200
0200
0200
0280
0240
0230
0210
0200
0200
0200
0200
0200
0200
0200
0004
fffe
0200
0200
0404
7ffe
4444
4444
4444
4444
4444
4444
4444
4444
4454
4008
0010
4010
2010
17fc
0010
0010
f110
1090
1090
1010
1010
1050
1020
2806
47fc
0000
0008
7ffc
0100
0100
0100
0104
fffe
0100
0280
0280
0440
0440
0820
1010
200e
c004
0100
0100
0108
7ffc
0100
0100
0100
0104
fffe
0200
0200
0440
0820
1010
3ff8
0008
1080
1088
2498
44a0
fec0
0284
7c84
447c
7c00
4488
4498
7ca0
44c0
4482
5482
487e
0010
0010
0010
fc14
07fe
0410
4810
2910
1090
1090
2810
2410
4410
8010
0050
0020
0100
0100
0100
0100
0100
0540
0520
0910
0908
1104
2104
4100
0100
0100
0500
0200
0200
0200
07f0
0820
1840
2580
0280
0c80
71fc
0208
0c10
1220
21c0
0100
0e00
7000
1020
1020
1028
1e24
2220
33fe
4a20
a450
1450
0888
110e
2204
4000
2448
2446
4002
0010
3ff8
0100
0100
0100
0104
fffe
0100
0100
0100
0100
0100
0100
0100
0500
0200
0200
0100
0080
00c0
0880
0800
2808
2804
2802
4802
8802
0800
0810
0810
07f0
0000
2208
1108
1110
0020
7ffe
4002
8004
1fe0
0040
0184
fffe
0100
0100
0100
0500
0200
0100
0100
0200
0200
0440
0840
1080
2100
4100
0200
0420
0810
1008
3ffc
0004
0000
0200
0100
0100
0000
7ff8
0010
0020
0040
0080
0100
0200
0c00
3000
4806
07fc
0000
1000
127c
7f44
1244
1448
ff48
0850
1248
3f44
6242
a242
3e62
2254
2248
3e40
2240
1000
11fc
1004
1008
fc10
2420
2424
27fe
2420
4420
2820
1020
2820
4420
84a0
0040
0070
7f80
0210
7ff8
0400
fffe
0810
1ff8
3010
5ff0
9010
1ff0
1010
1010
1ff0
1010
0800
0808
08fc
7e08
0808
0808
fef8
0888
2880
2e84
2884
287c
2800
5806
8ffc
0000
0100
1120
1110
2104
7ffe
0200
0200
07f0
0610
0a20
0940
1080
2140
4230
8c0e
3004
0100
2108
1918
0920
0100
0108
7ffc
0008
0008
0008
3ff8
0008
0008
0008
7ff8
0008
4010
31f8
1110
0110
8110
620e
2400
03f8
1208
2110
e110
20a0
2040
20a0
231e
2c08
0080
00a0
0090
3ffc
2080
2080
2084
3e44
2248
2248
2230
2a20
2462
4092
810a
0006
0000
0010
1ff8
1010
1010
1010
1010
1010
1ff0
1010
0000
0440
0c20
1018
200c
4004
1000
1000
1000
1004
fefe
2284
2284
2284
2284
4284
2484
1484
0884
14fc
2284
4000
0100
0104
fffe
0100
3ff8
2108
3ff8
0100
3ff8
0108
fffe
0108
3ff8
0108
0500
0200
1000
1004
11fe
1124
fd24
1124
1524
19fc
3104
d100
1100
1100
1102
1102
50fe
2000
0000
4004
2ffe
2040
0040
e080
2080
21a0
2298
248c
2884
2080
2080
5006
8ffc
0000
0008
3ffc
2108
2108
2108
3ff8
2108
2108
2108
3ff8
2108
2108
2108
4108
4128
8010
1080
1488
3efc
4920
bff8
0108
0108
3ff8
2100
2104
3ffe
0304
0504
1924
6118
0100
1208
1110
10a0
17fc
fc40
1050
3bf8
3440
5040
5044
9ffe
1040
1040
1040
1040
1040
0208
4110
37fc
1080
0108
03fc
f208
13f8
1208
1208
13f8
1208
1208
2bf8
4406
03fc
1008
11fc
1108
ff08
11f8
3108
39f8
5508
9108
11f8
0000
1200
5184
5092
9012
0ff0
0900
0900
0904
11fe
1280
3280
5490
98f8
1080
1080
1088
10fc
1080
1080
1080
1080
0820
1c20
f020
1024
11fe
ff24
1124
3924
3524
55fc
5124
9020
1020
1020
1020
1020
0008
7ffc
0820
0820
0820
0820
0824
fffe
0820
0820
0820
0820
1020
1020
2020
4020
0820
0660
0288
7ffc
0100
3ff8
0100
fffe
0100
0108
7ffc
0100
0280
0460
181e
e004
1010
0820
0440
0010
1ff8
1010
1010
1010
1ff0
1010
0200
5184
5092
9012
0ff0
0000
0000
0820
0820
0820
0820
0820
0820
0850
0850
0850
1450
1288
2188
210c
4206
8404
0020
3ff0
0200
0200
0200
0208
7ffc
0280
0280
0480
0480
0880
0882
1082
207e
4000
1048
17fc
1040
13f8
5840
57fe
5008
93fc
1208
13f8
1208
13f8
1208
1208
1228
1210
0000
0010
7ff8
0010
0010
0010
0010
3ff0
2010
2000
2000
2000
2004
2004
1ffc
0000
0004
fffe
0200
0404
7ffe
4444
4444
47c4
4444
4444
4444
47c4
4444
4444
7ffc
4004
1ff0
1010
1ff0
1010
1ff0
0004
fffe
2200
3ffc
2284
3e88
2250
3e20
e258
028e
0304
0200
0200
0200
0200
0204
fffe
0420
0420
0820
1020
0c40
0280
0180
0660
1818
6008
1000
1008
17fc
2408
2408
6408
a7f8
2408
2408
2408
27f8
2000
2004
3ffe
2000
2000
0008
09fc
fd08
1128
1128
1128
1128
7d48
1148
1148
1040
1ca0
f0a0
4122
0222
0c1e
1010
0c30
0444
fffe
0000
3e08
2248
2248
3e48
2248
2248
3e48
2208
2208
2a28
2410
0440
0440
2440
274c
2470
2440
2442
2742
fc3e
0000
0020
1ff0
0000
0008
7ffc
0000
0208
071c
38e0
2080
2080
3e84
22fe
2288
2288
3e88
2288
2088
2108
4208
8408
0008
0004
7ffe
4004
4024
5ff4
4004
4024
4ff4
4824
4824
4824
4824
4fe4
4824
4014
4008
0010
1ff8
1010
1010
1010
1010
1010
1ff0
1010
1010
1010
1010
1010
1ff0
1010
0000
0010
00f8
7f00
0100
0110
3ff8
0100
0100
0104
fffe
0100
0100
0100
0100
0500
0200
0000
7ff0
1010
1010
1020
0820
0840
0440
0480
0280
0100
0280
0440
0830
300e
c004
0808
0bfc
1000
2000
4000
0804
17fe
3010
5010
9010
1010
1010
1010
1010
1050
1020
0110
3ff8
0820
0444
fffe
0010
1ff8
1010
1ff0
1010
1ff0
0200
5184
5092
9012
0ff0
0040
0840
7c40
0044
05fe
fe44
1044
1044
2044
2444
4284
fe84
4104
0104
0228
0410
0400
0300
0100
0004
fffe
0400
0410
07f8
0410
0410
0410
0810
0810
1010
20a0
4040
2204
227e
2244
7f44
2244
3e7c
2244
3e44
2244
227c
ffc4
0044
2444
2284
4114
8208
0200
0100
7ffe
4002
8004
0800
0820
0860
0980
0e00
0800
0800
0808
0808
07f8
0000
0080
0080
0880
0680
2280
1880
0880
0084
fffe
0080
0100
0160
0210
0408
180c
6004
1000
13fc
2008
2010
4430
fc48
0886
1302
2000
41fc
fc20
0020
1c20
e024
47fe
0000
0800
0810
0830
0840
0880
0900
0804
fffe
0900
0900
0880
0840
0820
091c
0e08
0800
0440
0440
0440
0440
0440
0440
0440
0440
0440
0440
0840
0842
1042
2042
403e
8000